0 0.000001 0.000000
100 0.000001 0.000001
200 0.000002 0.000000
300 0.000002 0.000000
400 0.000003 0.000000
500 0.000004 0.000000
600 0.000004 0.000000
700 0.000005 0.000000
800 0.000007 0.000000
900 0.000006 0.000002
1000 0.000006 0.000001
1100 0.000007 0.000001
1200 0.000008 0.000000
1300 0.000009 0.000000
1400 0.000009 0.000000
1500 0.000010 0.000000
1600 0.000011 0.000000
1700 0.000011 0.000000
1800 0.000012 0.000000
1900 0.000012 0.000002
2000 0.000013 0.000000
2100 0.000014 0.000000
2200 0.000014 0.000000
2300 0.000014 0.000000
2400 0.000016 0.000001
2500 0.000016 0.000000
2600 0.000018 0.000000
2700 0.000017 0.000002
2800 0.000018 0.000000
2900 0.000018 0.000000
3000 0.000019 0.000000
3100 0.000020 0.000001
3200 0.000020 0.000001
3300 0.000022 0.000000
3400 0.000023 0.000001
3500 0.000022 0.000002
3600 0.000023 0.000001
3700 0.000024 0.000000
3800 0.000024 0.000001
3900 0.000027 0.000000
4000 0.000026 0.000002
4100 0.000026 0.000001
4200 0.000028 0.000000
4300 0.000027 0.000001
4400 0.000028 0.000001
4500 0.000029 0.000000
4600 0.000029 0.000001
4700 0.000031 0.000001
4800 0.000031 0.000001
4900 0.000031 0.000000
5000 0.000032 0.000000
5100 0.000032 0.000001
5200 0.000033 0.000001
5300 0.000034 0.000000
5400 0.000034 0.000000
5500 0.000035 0.000000
5600 0.000035 0.000002
5700 0.000036 0.000001
5800 0.000038 0.000001
5900 0.000038 0.000000
6000 0.000039 0.000000
6100 0.000038 0.000001
6200 0.000040 0.000000
6300 0.000041 0.000000
6400 0.000041 0.000002
6500 0.000043 0.000000
6600 0.000045 0.000000
6700 0.000044 0.000001
6800 0.000044 0.000000
6900 0.000047 0.000000
7000 0.000043 0.000001
7100 0.000047 0.000000
7200 0.000048 0.000000
7300 0.000047 0.000001
7400 0.000046 0.000000
7500 0.000049 0.000000
7600 0.000049 0.000000
7700 0.000048 0.000001
7800 0.000048 0.000001
7900 0.000049 0.000000
8000 0.000053 0.000001
8100 0.000052 0.000000
8200 0.000054 0.000000
8300 0.000056 0.000000
8400 0.000055 0.000002
8500 0.000055 0.000000
8600 0.000056 0.000001
8700 0.000055 0.000002
8800 0.000056 0.000000
8900 0.000060 0.000000
9000 0.000057 0.000001
9100 0.000056 0.000001
9200 0.000057 0.000000
9300 0.000057 0.000001
9400 0.000059 0.000001
9500 0.000058 0.000001
9600 0.000059 0.000000
9700 0.000059 0.000002
9800 0.000060 0.000001
9900 0.000062 0.000001
10000 0.000062 0.000000
